题目描述
整个公司的人员结构可以看作是一棵标准的多叉树。树的头节点是公司唯一的老板，除老板外，每个员工都有唯一的直接上级，叶节点是没有任何下属的基层员工，除基层员工外，每个员工都有一个或多个直接下级，另外每个员工都有一个快乐值。
这个公司现在要办 party，你可以决定哪些员工来，哪些员工不来。但是要遵循如下的原则：
1.如果某个员工来了，那么这个员工的所有直接下级都不能来。
2.派对的整体快乐值是所有到场员工快乐值的累加。
3.你的目标是让派对的整体快乐值尽量大。
给定一棵多叉树，请输出派对的最大快乐值。
输入描述:
第一行两个整数 n 和 root，n 表示公司的总人数，root 表示公司的老板。

第二行 n 个整数 happy_i 表示员工 i 的快乐值。

接下来 n - 1 行每行两个整数 u_i 和 v_i 表示 u_i 是 v_i 的直接上级。
输出描述:
输出一个整数表示最大快乐值。

48 11
825 815 5 996 172 528 309 185 309 473 408 34 776 498 952 866 674 881 135 102 50 408 609 167 514 171 750 880 227 186 338 246 264 294 18 372 932 14 653 987 843 868 585 506 123 399 916 759
11 9
9 27
9 40
9 37
40 36
11 16
11 13
16 48
16 46
40 4
37 5
36 7
9 15
36 42
37 19
48 35
9 28
19 45
13 10
40 2
16 12
9 41
36 31
45 3
5 6
31 22
6 33
45 8
5 30
9 23
9 43
48 14
6 29
9 25
8 34
19 1
29 26
42 32
33 18
11 47
29 44
36 38
33 24
15 39
36 20
27 17
13 21

16332
